17 385 1 642 736 115 1584 923 305 1585 245 187 1 27 1584 1 212 385 274 787 32 236 7 75 4 298 4 
643 87 1091 4 1 55 4 6 159 49 53 322 44 1383 16 291 787 29 1 1 
567 520 299 154 281 1 94 737 82 3 1 82 335 428 1 192 28 
48 1 202 2 1001 371 251 386 48 265 17 3 48 371 71 17 1 
1586 246 115 105 1 1 1 361 32 29 1 247 52 18 644 1 298 39 1234 1 682 
131 95 1 55 17 1587 1 1 94 32 159 82 1 7 75 429 568 
54 372 1092 845 788 155 32 69 1092 498 46 
846 180 41 65 1384 1002 47 32 11 441 1002 1 789 846 1 96 1870 1871 1872 1 1 1 
89 1235 237 143 48 10 282 1 202 56 605 39 90 39 10 282 
1 1385 77 442 3 85 39 174 17 132 48 17 606 56 3 6 1 443 101 
174 738 47 739 206 740 645 139 39 139 
499 1 127 150 1003 548 1 3 1 6 75 1873 180 1874 1875 683 1 17 1004 1005 847 306 41 65 
520 154 56 1588 607 848 1236 387 5 145 1 460 94 3 1 
131 11 145 741 430 1 82 32 256 1 1 1 1 1 1 
307 47 15 4 213 
56 3 154 122 849 1 1 1 549 306 95 193 1 105 1 94 
17 237 73 166 1237 27 924 1876 1 1238 1589 283 266 1 1590 1 
5 96 128 120 248 219 140 95 1 94 193 3 1 82 335 1386 428 362 28 249 
5 567 2 150 281 1 212 1 1 208 925 1006 292 175 569 1 82 52 83 1 
500 1 230 521 1 140 1 1591 460 308 82 3 1 570 335 1 501 
131 48 26 145 1 460 522 94 1 1 1 12 305 96 128 2 3 284 1 249 
33 1387 1 139 1 5 281 212 608 145 478 56 3 1 850 82 335 1 1239 236 926 
927 609 642 1240 115 413 851 1007 444 2 19 1093 32 1592 1 1 1 1008 1593 
24 1 1388 156 24 257 502 1094 137 742 1 11 387 275 143 4 1594 502 299 276 790 1 461 1595 479 
21 63 77 160 17 1877 122 27 8 1 2 267 2 373 462 1238 445 299 96 
643 431 7 39 27 9 374 1878 175 1241 252 307 2 1596 571 52 169 77 39 36 139 
154 122 47 127 443 73 56 3 1 6 1095 443 
5 567 2 150 281 1 212 1 105 1 208 925 1006 292 175 569 1 82 1 
61 36 1 646 432 88 39 90 1 1 35 174 738 2 36 29 36 342 1 
11 401 91 2 212 122 77 1 523 11 480 2 1009 845 309 11 48 1096 122 1097 
131 5 96 128 120 248 219 140 95 1 94 193 3 1 82 335 428 362 28 
56 3 154 122 849 1010 1 1 1 549 306 95 193 1 105 1 94 
5 1597 352 117 300 1879 71 143 
1 47 48 1 373 8 32 132 1 166 33 28 1 1 524 1098 1389 1 1099 1880 
10 2 68 11 310 1242 161 11 1598 1 129 1 117 17 32 607 11 1243 852 102 293 
27 68 151 374 33 2 117 238 99 928 2 275 1 52 39 181 462 789 1390 1 1 77 479 1881 
2 1 572 853 134 1 51 128 2 117 59 525 38 11 150 3 1 
573 11 145 1 647 268 1882 193 17 385 1 1 642 219 32 402 1 1011 929 1599 
442 128 85 39 197 294 1244 1 574 299 83 648 27 606 39 3 1 6 
87 110 1100 24 160 35 1101 27 446 1 27 282 306 503 27 36 1 
11 237 122 64 311 1 17 372 8 526 480 6 36 32 481 36 1 52 239 283 575 1590 
237 481 143 684 1883 48 55 526 63 413 1102 237 12 69 17 282 
854 460 150 1 361 1884 854 268 95 323 1 336 274 206 6 29 854 1 682 1885 257 
7 48 154 187 6 82 17 265 57 1600 240 8 1103 527 1104 3 1 1 1 197 139 7 75 4 298 
174 738 238 743 1 9 177 498 174 738 550 1 238 29 1601 
1391 177 1886 281 480 250 111 1887 112 930 123 48 1888 27 845 1 
38 11 1602 115 1 12 55 414 609 27 206 1 6 7 226 283 266 1 610 1889 1 1890 1 55 
1392 28 48 649 5 1001 371 251 386 265 48 17 3 48 371 71 17 1 
3 1891 28 1 1881 169 178 3 650 209 744 855 1 1 1 1 1 742 855 
528 18 150 115 1 609 34 1242 430 1892 29 8 1 6 52 77 1012 856 1 
529 1893 611 32 1 32 247 1 1 169 77 1011 1245 176 
573 11 145 1 647 268 1882 193 17 385 1 1 642 219 32 402 1 1011 929 1599 
11 105 685 530 1 361 1105 11 105 6 29 105 1 28 52 77 1246 1 791 612 613 482 792 
371 6 375 197 251 686 1393 132 17 931 415 83 1 32 312 3 576 1 745 
793 335 36 69 39 36 71 143 154 122 1 
89 237 401 932 10 282 1894 1 169 55 503 574 3 154 122 1 
415 83 32 1 1895 17 931 312 531 851 132 686 57 3 576 1 745 
649 258 388 312 209 746 251 265 57 1 17 57 649 3 1896 17 1 371 6 1897 
17 237 27 149 1 376 27 1 363 111 162 1 1 1 245 17 111 5 139 32 36 
1 238 122 1106 1603 1 
17 385 1 414 1247 27 159 115 1 6 1 7 75 71 143 
29 933 1 11 794 1 181 275 188 32 20 1604 1604 789 20 483 1 1 1013 1394 1 651 52 
151 64 128 238 122 403 57 259 59 529 117 3 284 1 
131 48 1 64 145 1 94 193 3 1 484 209 82 1 428 362 28 
499 132 1 294 265 57 3 1 3 247 249 857 3 1014 1248 48 1 389 1 364 858 1605 
795 63 1606 1 1 1 1898 1607 577 1899 1608 44 162 3 17 1 1 27 49 162 
312 154 187 6 82 17 265 57 1600 1104 3 6 1 1 1 197 139 300 1900 7 75 4 298 532 531 
72 1901 12 305 1107 166 1 1108 208 1 105 145 3 1 284 524 463 575 1609 249 
24 1 1388 156 24 257 502 1094 137 742 1 11 387 275 143 4 1594 502 299 790 1249 1595 479 
17 69 747 1 17 27 69 39 12 69 159 17 652 1109 551 1 
499 1 127 150 1003 548 1 3 1 6 75 1873 180 1874 1875 683 1 17 1004 1005 847 306 41 65 
1 573 12 55 4 1247 219 2 95 1 94 82 3 1 533 7 226 36 174 1 1 28 249 
5 193 251 132 57 1250 748 1110 444 1 94 32 159 166 1 1902 1903 52 1610 
111 52 39 376 1611 789 1 1612 1612 1904 1 108 1 749 1 1 15 36 1 111 32 
372 413 498 1613 1251 
131 48 26 145 1 1 460 522 94 1 1 1 12 343 416 128 3 1 1 1 1905 
33 4 197 82 11 1 552 793 268 27 90 1 6 653 796 197 48 7 226 1 1 1 654 1 1111 39 176 
10 111 687 155 362 652 1109 56 35 2 1614 1 
500 1 230 521 1 140 1 688 689 4 9 308 3 1 570 335 1 501 1 1 1 
479 1615 202 7 797 32 36 
5 96 128 120 248 219 140 95 1 94 193 3 1 82 335 1386 428 362 28 249 
95 1 1 105 1 1 94 82 
48 1 64 95 1 82 3 54 49 447 82 446 209 1 
442 128 85 39 197 1 83 1 47 294 57 3 1 6 39 17 443 101 
11 246 115 1 642 182 1112 32 182 1 7 4 75 4 32 1 182 856 1 1395 239 
150 281 212 1 361 145 3 1 138 209 389 247 249 1 7 226 298 462 
500 1 230 521 1 140 1 688 689 4 9 308 3 1 570 335 1 501 1 1 1 
377 154 122 1113 3 1010 1 1 1 6 
479 1906 1 1 150 1907 1616 17 934 1 750 682 1 1 
1 18 859 1396 2 10 1114 238 251 47 935 1252 614 29 32 36 1 
47 160 1 1100 152 11 690 1 52 17 1 212 448 1908 32 181 1 
33 1253 1 139 1 5 281 212 1 145 1 478 3 1 212 1 145 
72 268 1254 1 82 12 55 197 1015 8 498 860 226 298 1 36 27 32 36 1 
500 1 230 521 140 1 688 689 4 9 308 3 1 570 335 1 501 1 1 1 
95 1 1 105 1 1 94 82 7 75 249 
1 1 5 57 122 3 1 
174 738 364 189 553 231 24 58 30 30 36 29 36 1 
11 245 237 17 6 39 12 77 111 504 413 1 111 57 135 55 1 1 169 239 1 532 29 36 1 1 
30 9 1 127 485 60 20 691 27 175 9 1016 6 27 1 1909 1 
56 3 1 861 131 69 73 
1236 123 862 132 46 250 481 132 8 1 503 1397 39 159 
649 258 388 312 209 746 251 265 57 1 17 57 649 3 1896 17 1 371 6 1897 7 226 
1 549 306 247 52 
1 131 12 343 416 128 2 2 95 1 3 1 533 1 7 1910 249 1615 1 
95 193 1 105 1 94 82 445 94 3 154 122 849 1 549 306 
486 1617 247 487 486 3 1 
30 154 1104 197 47 1618 48 28 1 1255 32 159 129 1 6 936 524 52 
2 5 937 207 48 480 122 143 1 169 1 18 29 36 1 1 
1115 1 127 21 485 750 313 163 
377 154 122 1113 
1398 1616 1 70 1 925 1 260 6 1 155 127 3 936 226 298 
131 11 1 193 145 44 3 1 6 1 1 1 
11 145 1399 505 115 1 863 182 1112 135 239 32 692 1 1619 1911 797 1 1912 
377 154 122 1113 3 1010 1 1 1 6 
203 175 23 116 1620 1242 32 49 181 462 275 48 1913 52 174 
1 17 413 1400 111 3 1 441 236 137 135 55 27 1914 1 1 169 1111 1 
312 154 187 6 82 17 265 57 1600 1104 3 6 1 1 1 197 139 7 75 4 298 532 
120 246 82 11 1 552 793 268 33 27 182 1 6 653 197 48 7 226 653 615 1621 1 1 654 1 
17 245 55 1017 132 111 1 11 48 135 55 32 132 1 790 45 11 353 864 71 143 568 1 1256 1 1257 111 
95 193 1 145 99 1 82 11 145 3 17 1 1 1 36 1 
573 11 145 449 1 647 365 268 17 385 1 1 414 219 32 402 1 1011 929 1599 
2 1007 1 938 551 174 738 1 139 938 39 139 
27 372 61 1009 939 429 1116 1622 503 36 751 282 162 1 939 1 1915 1258 
52 1 1916 1018 4 865 31 578 11 387 45 11 610 32 111 940 1 132 376 940 376 1259 1 1623 1 940 
2 572 853 525 38 2 150 3 1 532 39 525 36 1 1 169 77 1917 1624 113 1 
72 268 1254 82 12 55 197 1015 56 8 498 860 226 298 36 27 32 36 1 
24 1 574 63 299 83 1 27 47 294 57 28 1260 361 169 55 3 1 39 443 101 
442 128 85 197 47 294 57 1 574 63 299 83 258 388 746 606 3 1 39 443 866 
120 246 1 82 11 1 552 793 268 27 90 1 6 653 796 197 48 7 226 1 1 1 654 1 614 32 176 36 
131 3 1 284 741 1 1625 208 1 1 105 366 166 463 7 226 283 266 1 1918 1919 1 1626 1 
33 4 197 82 11 1 552 793 268 27 90 1 6 653 796 197 48 7 226 1 1 1 654 1 1111 39 176 
164 374 51 47 88 798 20 253 27 238 122 27 1627 1 35 68 
573 11 145 449 445 1628 647 1920 867 365 193 3 1 860 226 429 1 306 1014 
500 1 230 521 1 140 1 688 689 4 9 308 3 1 570 335 1 501 1 1 1 
189 31 1117 941 285 31 450 799 1118 
2 24 375 1 17 27 69 47 294 57 258 388 209 746 3 17 6 1 1 117 
182 417 2 418 449 1119 1119 1 105 1 1019 268 3 6 1 868 283 266 247 249 48 1248 
927 609 642 1240 115 413 851 1007 444 2 19 1093 1921 206 942 55 32 1592 1 1 1 1008 1593 
2 572 853 134 1 51 128 2 117 59 525 38 11 150 3 1 
2 572 853 134 1 51 128 2 117 59 525 38 11 150 3 1 1 
752 523 480 103 1120 1009 498 309 166 480 
17 237 73 166 1237 27 924 1876 1 1238 1589 283 266 1 1590 1 
115 250 928 1092 1391 845 27 845 1 
1121 1922 869 446 943 160 6 1401 3 1 441 236 1 52 83 870 1 52 83 36 27 3 1 52 83 
167 554 567 1 82 94 27 167 1 1 78 404 693 27 236 575 
72 56 3 1 284 741 1 1108 208 1 105 366 166 463 7 226 575 1122 
131 3 1 284 741 1 1108 208 1 1 105 366 166 463 7 226 266 1 249 1 
464 73 534 32 49 181 462 532 220 1913 52 174 
11 105 685 530 1 361 1105 11 105 6 29 8 1 28 52 77 1246 1 283 266 1 1 1923 1402 
465 190 73 
131 5 96 128 2 33 219 140 95 1 94 193 3 1 484 209 82 610 1924 28 
499 1 48 944 1403 3 1 6 1404 466 353 206 1405 250 1406 1925 402 1407 1408 
56 3 154 122 849 1010 1 1 1 549 306 95 193 1 105 1 94 
17 132 17 686 17 312 1261 3 576 1 3 1389 
17 245 55 1017 132 111 1 11 387 135 55 32 132 1 790 45 11 353 864 71 143 568 1 1256 1257 111 1 
241 800 19 529 269 117 78 54 3 1 284 52 83 1 
19 151 19 529 3 1 117 568 1 52 
1 4 928 6 32 190 1629 11 181 462 789 190 1 1 275 160 
1 18 1396 2 10 1114 451 251 47 935 1252 503 29 1926 36 1 
309 609 1123 324 1927 53 102 646 32 53 102 646 1 6 1 246 1 115 1 105 
47 1241 238 690 179 47 194 801 690 39 238 129 6 1 28 54 
151 2 19 64 66 238 122 1 128 144 241 3 1 6 10 525 283 575 610 1928 
131 5 96 128 2 33 219 140 95 1 94 193 3 1 484 209 82 1924 28 
72 2 97 432 1409 12 305 416 128 2 32 160 1 
5 145 1262 945 265 3 1 284 443 687 644 7 226 575 1124 249 1 802 1 
115 131 48 1 64 145 1 94 193 3 1 484 209 82 1 428 362 28 249 
72 937 11 219 1 1 365 268 10 114 403 1263 645 26 286 32 323 1 
69 377 451 1125 941 33 554 18 1 117 579 1126 498 862 580 366 
1 95 1 1 388 82 3 1 
354 1410 238 96 32 1 43 7 871 32 47 1394 52 77 1 
24 1 574 63 299 83 1 27 47 294 57 28 1260 361 169 55 3 1 6 39 443 101 
34 325 48 419 6 1 27 1 54 1020 133 1 32 29 32 1 7 75 1929 1 52 
11 854 609 105 685 530 1 1105 11 105 6 29 1 28 52 77 
41 488 148 168 17 803 71 143 133 451 3 1 
43 7 19 2 2 43 7 19 29 160 1 6 92 4 117 28 52 77 1012 791 612 613 482 792 858 1 127 
89 567 174 23 694 1021 1630 39 36 1 154 122 1 
1 4 190 168 1241 1 2 1920 1 12 232 1 11 135 31 2 27 1022 1 1 52 9 
17 385 1 642 736 115 1584 923 305 1585 245 187 1 27 1584 1 212 385 274 787 32 236 7 75 4 298 4 
25 34 1 34 325 1631 1632 1411 2 1633 872 27 1632 1634 1 52 35 1127 1633 71 143 1631 2 
691 11 48 17 374 270 1412 27 112 1 135 239 374 1930 1931 71 143 1 270 1 1 239 1 
1 47 1932 56 3 1 
115 127 1628 647 1 692 11 1264 552 1 403 1 414 219 32 402 1 860 226 929 
1103 937 5 281 212 460 946 804 32 159 16 1 82 52 77 
1 47 1932 56 3 1 
1 132 111 1 11 387 135 55 32 1 245 111 17 1635 6 45 11 88 52 111 1 39 1234 1636 
5 567 2 150 281 1 212 1 105 1 208 925 1006 292 175 569 1 82 1 
39 181 450 10 212 364 55 467 17 1933 1094 1934 52 
17 385 1 414 736 29 159 403 1 6 1 7 75 1935 1624 113 1 
56 3 1 861 131 69 73 
655 943 152 98 655 1 6 3 1 52 83 36 27 3 1 52 83 
2 1 57 6 269 160 1 390 68 3 6 1 2 616 1637 252 1936 535 1265 
299 569 122 17 7 75 4 551 1 1098 
220 1638 481 372 1 47 1 933 322 1638 71 143 1 28 162 3 1 
1 1639 846 111 39 1 1611 1 376 1 8 1 237 71 143 1413 46 207 111 1099 299 569 236 298 
115 1886 1414 401 260 1 39 1414 323 1 274 246 149 1937 
11 685 6 1 11 155 274 190 1 4 1 323 32 11 323 1 23 694 
374 695 4 18 270 1412 32 270 1 41 65 135 239 1938 1930 1 270 75 1931 71 143 1 1 239 
446 175 805 3 6 1 52 169 83 868 571 283 266 1 1128 1129 1130 1 
1640 270 1939 806 1940 807 555 96 943 160 753 1641 3 1 52 83 1 36 27 3 1 
1 47 48 1 373 8 32 132 1 166 33 28 1 1 524 1098 1389 1 1099 1880 1255 
415 83 415 32 1 1 388 1415 251 312 931 48 3 576 119 251 197 1 745 
1 132 111 1 11 387 135 55 32 1 245 111 17 1635 6 45 11 88 52 111 1 39 1234 1636 
131 377 451 1125 941 33 554 18 1 117 579 1126 498 862 580 366 
72 2 97 432 1409 12 305 416 128 2 32 160 1 52 1642 612 613 482 792 858 1 445 
573 11 145 449 1 647 365 268 17 385 1 1 414 219 32 402 1 1011 929 1 
869 1941 23 1109 415 
17 245 55 385 1 1643 1 246 1 115 1250 748 1 105 135 239 32 1644 1 860 226 1643 429 856 1 
801 937 11 219 1 1 365 268 10 403 1263 645 1 1017 1883 
863 305 529 160 928 374 684 445 690 478 39 863 6 17 1 275 1416 32 36 1942 
1943 1944 22 6 556 2 269 616 873 160 6 1 67 1 75 2 252 1943 535 1265 
1417 237 6 27 247 1 361 197 111 683 
1 131 48 1945 95 1 1 460 522 94 1 1 1 12 343 416 195 3 1 799 
1 5 193 251 132 57 1250 748 1110 444 1 94 32 159 166 1 524 52 1645 
30 1946 1418 18 581 10 114 556 947 2 529 61 109 77 644 1 176 1265 1947 
230 64 372 1 17 27 69 747 32 159 372 1 7 226 1 1098 
174 738 872 1131 2 187 19 644 11 1132 39 550 274 139 39 139 
446 175 805 3 6 1 52 169 83 868 571 283 266 1 1128 1129 1130 1 441 236 3 
89 1266 6 1133 1646 1243 1948 48 17 788 39 1133 6 
1267 47 48 402 122 6 175 17 402 444 10 948 1647 1648 57 480 413 
131 48 26 145 1 1 460 522 94 1 1 1 12 343 416 128 3 1 1 1 1905 276 441 236 
95 132 874 12 115 17 536 34 325 29 132 1 6 791 612 613 482 1649 1 
189 312 1 202 4 17 855 250 47 930 405 1 17 27 1 753 69 39 90 652 298 312 71 143 1650 
11 105 685 530 1 361 1105 11 105 6 29 8 1 28 52 77 1246 1 791 612 613 482 792 
174 536 1267 47 132 1 1 536 33 536 17 1 275 34 325 32 132 1 6 791 612 613 482 792 
500 1 230 521 140 1 688 689 4 9 308 3 1 570 335 1 501 1 1 1 
801 937 445 219 1 1 365 268 10 114 403 1263 645 5 155 32 1 
131 48 1 64 145 1 94 193 3 1 484 209 82 1 428 362 28 249 
875 294 481 31 162 479 3 1 373 1 481 372 689 71 143 220 
2 572 853 134 1 51 128 2 117 59 525 38 11 150 3 1 
1 17 27 77 27 16 1 21 372 230 
281 287 1 1 413 947 267 208 552 1 82 3 1268 1 1 
1419 132 111 743 808 111 1134 1 789 111 1 1134 864 71 143 1394 52 
1420 534 582 174 59 5 1023 182 64 78 193 59 537 114 293 
643 1949 949 67 2 1 123 534 1269 25 1651 1652 269 75 270 32 39 238 1 1 36 1 
11 246 115 1 105 135 239 32 1653 1 7 4 75 4 309 856 1 1395 239 
12 343 416 128 2 2 95 1 3 1 533 1 7 1910 249 1615 1 
30 11 1270 1 1938 322 1024 696 1421 17 155 55 160 6 1 538 22 1 1265 1947 
131 5 96 128 2 33 219 140 95 1 94 193 3 1 484 209 82 1654 428 362 28 
1950 924 845 1 54 845 57 1015 
33 1253 1 139 1 120 1951 945 5 281 212 1 145 1 478 56 3 1 82 1 145 
17 413 237 654 414 237 245 55 17 29 1914 1 1 169 55 36 174 1 
927 609 642 1240 115 413 851 1007 444 2 19 1093 32 1592 1 1 1 1008 1593 
17 77 42 122 401 1 946 372 56 413 212 122 
583 175 1 160 52 83 526 190 754 175 3 1 6 870 160 143 4 1655 175 122 
755 271 49 34 1 143 1271 115 1627 584 260 1627 481 32 481 1 571 479 
30 12 3 5 1952 212 1 1 94 219 56 1953 1 82 138 1 1 1 94 10 1135 151 420 
11 8 1 1656 1 292 175 569 82 449 1656 1954 105 1 28 532 32 176 1 
151 64 238 122 403 57 259 59 529 117 3 284 1 
30 1 154 1104 197 47 1618 48 28 1 1255 32 159 129 1 6 936 
174 536 95 132 874 12 115 17 536 34 325 29 132 1 6 791 612 613 482 1649 1 
3 1010 1 1 1 6 
125 1025 1 246 1 115 1272 250 697 1 250 1272 787 845 282 35 1125 71 143 250 1 652 390 1422 
795 63 1606 1 1 1 1898 1607 577 1899 1608 44 162 3 17 1 1 27 49 162 
277 468 1397 656 64 281 2 1119 105 1 268 3 1 868 283 266 1 276 284 247 249 48 1248 
115 567 698 7 95 748 1136 94 161 123 657 11 48 551 115 1 71 143 
33 1387 1 139 1 5 281 212 478 56 3 1 850 82 335 1 1239 236 926 
270 1273 57 35 1423 24 535 27 270 1 6 32 247 52 1909 1 291 
160 385 1 160 261 247 39 3 1 937 52 506 266 1 858 1605 
17 132 686 1657 649 1 1415 1 17 176 429 83 1872 1137 17 114 3 576 1 3 1389 
12 343 22 442 1 128 2 2 95 1 361 94 1 82 336 3 1 6 28 52 169 83 276 441 236 
95 193 1 105 1 94 82 445 94 3 154 122 849 
35 291 270 59 5 446 59 1658 143 
854 460 150 1 361 1884 854 268 95 323 1 336 274 206 6 29 854 1 682 1885 257 
2 572 853 134 1 51 128 2 117 59 525 38 11 150 3 1 
72 1955 2 97 432 1409 12 305 416 128 2 32 160 1 52 1642 612 613 482 792 858 1124 
131 56 3 1 284 1956 741 1 1108 208 1 105 366 166 463 7 226 266 1 1609 249 
3 1 487 1659 175 160 8 326 100 6 950 19 487 52 83 1 1 
643 87 2 25 1 294 270 617 39 12 32 204 29 2 270 951 93 354 60 291 1 52 1012 
17 385 1 414 736 246 115 748 32 1644 1 385 787 32 236 7 75 4 298 1 355 1 
47 160 1 1100 152 11 690 1 52 17 1 212 448 1908 32 181 1 1 36 1 
3 1 45 2 1 3 1 82 1 94 2 1 403 11 48 153 355 113 
17 245 55 385 1 1643 1 246 1 115 1250 748 1 105 135 239 32 1 860 226 1643 429 856 1 
194 5 502 690 6 3 1 275 233 152 1095 1 4 1 12 99 1654 1 
76 198 1 1138 876 1139 208 1 366 166 3 1 6 1274 463 524 615 1275 1122 1140 1 506 1276 
241 800 19 529 269 117 78 54 3 1 284 52 83 1 
1 1 17 27 69 5 428 1 1392 1 
95 193 1 145 99 1 82 11 145 3 17 1 1 1 36 1 
39 115 1 414 10 1 253 923 29 36 1 139 122 
131 56 3 1 284 1956 741 1 1108 208 1 105 366 166 463 7 226 266 1 1609 1 1626 
17 111 67 220 47 480 27 36 1 503 162 52 1424 71 143 
1391 262 262 262 15 47 281 446 523 796 17 1092 452 155 788 137 11 617 
79 47 3 1660 1 82 193 1 105 1 365 292 175 569 6 
2 115 1 402 365 268 135 55 129 6 32 159 219 1 1957 929 1958 1959 797 1960 
649 258 388 312 209 746 251 265 57 1 17 57 649 3 1896 17 1 371 6 1897 
3 1 54 11 83 3 52 83 387 1248 122 1424 1890 202 575 610 1 2 36 462 1 28 
131 48 95 1 1 460 522 94 1 1 1 12 343 416 195 3 1 799 1961 249 
1419 132 111 743 808 111 1134 1 789 111 1 1134 864 71 143 1394 52 
374 684 5 73 27 462 607 9 646 102 293 943 877 27 462 607 293 102 293 944 
643 82 11 1 174 69 27 16 1 6 54 1 11 353 683 275 1929 1 52 239 7 75 575 1 614 36 
1 17 237 39 257 
76 198 846 1026 376 237 386 952 1661 48 27 111 952 1 6 532 32 1425 36 575 1662 1 1 
305 246 82 11 1 552 793 268 33 27 90 1 6 653 796 197 48 7 226 653 615 1621 1 1 654 1 
500 1 230 521 1 140 1 1591 460 308 82 3 1 570 335 1 501 
174 122 1426 27 372 61 1009 939 429 1116 503 36 751 282 162 1 283 575 1005 847 
374 695 4 18 270 1412 32 270 1 41 65 135 239 1938 1930 1 270 75 1931 71 143 1 1 239 
5 567 150 281 212 1 105 1 145 292 175 569 82 3 549 306 247 52 
927 1277 82 11 878 208 29 1427 953 450 1278 391 54 143 283 266 1 609 129 585 1111 36 
2 115 1 402 365 268 135 55 129 6 32 159 219 1 1957 1958 1959 797 1960 
1 573 12 55 4 1247 219 2 95 1 94 82 3 1 533 7 226 36 174 1 1 28 249 
268 550 75 1 1 579 1126 793 372 532 39 36 154 113 3 1 
643 87 9 1 20 1428 877 37 556 98 39 1 75 1027 77 29 36 36 32 
927 1277 82 11 878 208 29 1427 953 450 1278 391 54 143 283 266 1 609 129 585 1111 36 
17 245 55 1017 132 111 1 11 387 135 55 32 132 1 790 45 11 353 1259 568 1 1256 1257 111 1 
182 417 2 418 449 1119 1119 1 105 1 1019 268 3 6 1 868 283 266 247 249 48 1248 
17 265 57 1415 1 1 202 1 1429 1663 83 1 1 388 32 756 3 1 745 1028 
131 48 1945 95 1 1 460 522 94 1 1 1 12 343 416 195 3 1 799 1961 249 
131 1 1138 876 1139 208 1 366 166 3 1 6 1274 463 524 4 615 1275 1122 1140 1 506 1276 
95 193 1 105 1 94 82 445 94 3 154 122 849 1 549 306 247 52 
89 237 401 1664 1 1386 48 10 282 1 1 111 948 56 3 154 122 1 
30 170 112 176 2 586 1602 378 12 1962 1253 1029 236 77 1235 54 1963 
49 1 60 258 652 2 75 873 1 374 1430 533 1 8 49 160 6 1 252 3 1 1947 
89 237 401 1664 1 48 10 282 1 1 111 948 56 3 154 122 1 
526 1 504 111 239 12 122 414 111 247 52 2 372 859 49 220 
757 1964 3 1 1665 160 500 209 1 616 183 270 879 1893 27 1027 1 29 36 1 1390 291 
17 385 1 414 736 29 159 403 1 6 1 7 75 1935 
1 1 699 162 
48 649 371 17 312 251 386 265 48 648 248 3 3 48 1660 1 
1 47 69 56 3 1 
30 12 69 174 1397 1 69 1 478 56 3 49 1 69 478 
499 1 127 150 1003 548 1 3 1 6 75 1873 180 1874 1875 683 1 17 1004 1005 847 306 41 65 
115 127 1628 647 1 692 11 1264 552 1 403 1 414 219 32 402 1 860 226 929 
1652 507 609 115 1 1131 880 94 2 19 47 1965 10 32 149 181 1 1111 36 1 1 1 1008 
95 132 874 12 115 17 536 34 325 29 132 1 6 791 612 613 482 1649 1 
573 89 23 88 2 95 1 1 375 94 1 82 336 3 1 6 28 52 169 178 276 441 236 
479 250 72 1966 17 250 79 
131 48 1 95 1 460 522 94 1 1 1 12 343 416 195 3 1 799 266 249 
415 83 32 312 1 1 388 1415 686 1393 114 17 132 17 3 576 1 
523 168 237 2 1 1 526 2 99 29 1 445 32 263 1 1 
56 3 1 861 131 69 73 
1431 387 1967 166 933 270 69 405 17 1419 111 32 527 1431 1 1259 52 169 933 270 
805 1666 49 309 8 1141 1141 747 206 1119 310 1002 1142 129 585 801 6 1141 532 1 
111 481 654 64 6 501 1 85 654 39 1 1611 1 376 1 414 52 169 55 32 36 1 36 12 77 17 1 
375 94 219 5 96 128 2 33 219 140 95 1 94 193 3 1 484 209 428 362 28 
90 28 148 356 68 1136 1279 684 6 143 32 160 1 6 52 77 
151 64 128 238 122 403 57 529 117 3 284 1 615 52 
112 2 24 41 2 314 93 80 1 529 1665 22 374 1280 8 46 583 32 291 
43 7 19 2 2 43 7 19 29 160 1 6 92 4 117 28 52 77 1012 791 612 613 482 792 858 1 127 
174 122 1426 27 372 61 939 429 1116 1622 503 36 751 282 162 1 939 1258 
528 18 150 115 1 609 34 1242 430 1892 29 8 1 6 52 77 1012 856 1 
241 12 149 22 1281 809 367 9 73 881 24 88 1 1 
11 246 115 1 105 135 239 32 206 1 7 4 75 4 402 429 856 1 1395 239 
305 246 82 11 1 552 793 268 33 27 90 1 6 653 796 197 48 7 226 653 615 1621 1 1 654 1 
11 387 1967 166 132 933 270 69 405 17 1419 111 32 527 1431 1 
131 3 1 284 1 1108 208 1 1 105 366 166 463 7 226 283 266 1 249 1 1968 1277 197 
567 520 299 154 281 212 1 737 166 3 1 428 1 192 28 
2 95 132 1 405 17 945 265 12 2 2 115 17 536 34 325 29 132 1 6 615 1402 1 
17 385 1 414 736 29 159 115 1 6 1 7 75 71 143 
237 933 250 1929 274 479 
643 145 17 1969 945 265 39 166 94 532 36 52 239 1008 1934 1 
12 69 1667 571 754 
499 1 48 944 1403 3 1 6 1404 466 11 353 206 1405 250 1406 1925 402 1407 1408 1004 1005 847 52 
155 1282 291 294 10 137 220 352 644 27 49 155 294 
2 5 937 207 48 480 122 143 1 169 658 18 29 36 1 1 
1 17 27 117 20 116 6 96 1 17 27 246 1 1 28 1 17 77 1 1 
275 143 4 502 122 2 691 873 852 607 1970 32 385 1 6 479 
927 609 642 1240 115 413 851 1007 444 2 19 1093 1921 206 942 55 32 1592 1 1 1 1008 1593 
1971 1971 32 1 403 414 219 1 1 365 268 1 692 445 1264 7 226 797 1 55 
30 12 69 174 1397 1 478 56 3 49 1 69 478 83 
17 447 111 27 376 1 135 55 47 111 1124 28 1 1 239 
131 48 95 1 1 460 522 94 1 1 1 12 343 416 195 3 1 799 1961 249 
5 193 251 132 57 1250 748 1110 444 1 94 32 159 166 1 1902 1903 52 1610 
189 1091 5 33 20 160 41 45 134 5 374 
1 17 245 55 1017 132 111 1 11 387 135 55 32 132 1 790 45 11 353 864 71 143 568 1 1402 1972 52 111 1 
269 1388 873 24 257 502 1094 137 742 11 48 275 143 4 1594 502 299 32 508 1 6 659 1595 1 1 77 
442 128 85 1023 197 47 132 617 606 587 39 3 1 443 
47 111 12 55 810 1 1 1668 1 10 1973 401 607 1970 155 69 
131 5 96 128 2 33 219 140 95 1 94 193 3 1 484 209 82 428 362 28 
930 1974 251 930 47 1669 1 11 48 1 239 17 405 17 111 32 930 1 864 71 143 1 1972 1872 52 
131 131 1 17 925 78 404 3 533 300 1670 34 88 1 17 3 6 82 1 
1 699 1 162 
643 529 928 39 238 6 275 143 1671 48 238 122 77 1012 52 1416 32 36 1 39 238 6 
79 47 197 415 83 415 32 207 312 1283 251 265 57 1 17 3 576 17 1 6 1975 7 226 
67 220 47 480 27 36 1 503 162 52 1424 71 143 
1 18 1396 2 10 1114 451 251 47 935 1252 503 29 1926 36 1 
131 56 3 1 284 1 105 1976 1 1432 208 366 166 7 226 463 145 249 1 
131 56 3 1 284 741 1 1138 876 1139 208 1 105 366 166 1626 1 463 7 226 1977 1 
43 7 19 2 2 43 7 19 29 160 1 6 92 4 117 28 52 77 1012 791 612 613 482 792 858 1 127 
696 1241 1978 134 1653 6 1 257 478 1979 57 27 478 1 77 247 52 1 36 32 36 
1980 875 269 206 413 1 1980 875 138 245 1670 8 1284 337 567 
15 34 344 22 1672 1673 1674 954 24 287 70 
11 246 115 1 105 135 239 32 1653 1 7 4 75 4 309 856 1 1395 239 
1981 1433 145 1 206 1 105 3 1 82 135 300 444 115 83 1 1 1416 1 
643 375 111 39 257 
1392 28 48 649 5 1001 371 251 386 265 48 17 3 48 371 71 17 1 
504 376 111 1 387 742 743 808 376 1134 1 789 376 1134 864 71 143 52 
4 165 401 1123 700 3 1 1 148 401 138 1143 101 
509 163 1029 76 379 5 811 5 264 257 1434 927 
573 89 23 88 2 95 1 1 375 94 1 82 336 3 1 6 28 52 169 178 276 441 236 
29 933 1 11 794 1 181 275 188 32 20 1604 1604 789 20 483 1 1 1013 1394 1 651 52 
97 95 1585 1396 923 305 1 105 166 3 1 533 568 249 
17 69 1638 618 345 6 376 27 257 27 1 1 618 345 1 1894 55 1 28 7 75 4 298 
246 1982 805 140 3 6 1 52 169 83 868 571 283 266 1 1128 1129 1130 1 441 236 3 
1279 1 480 294 10 1647 
246 1982 805 140 3 6 1 52 169 83 868 571 283 266 1 1128 1129 1130 1 441 236 3 
87 271 24 446 291 270 137 742 1 11 57 32 1675 1 362 17 52 169 18 36 27 1605 
120 246 82 11 1 552 793 268 33 27 182 1 6 653 197 48 7 226 653 615 1621 1 1 654 1 
6 415 83 1 32 312 1283 251 686 1393 132 931 17 3 576 1 745 
11 105 685 530 1 361 1105 11 105 6 29 105 1 28 52 77 1246 1 283 266 1 1 1923 1402 
131 48 1 64 145 1 94 193 3 1 484 209 82 1 428 362 28 
42 2 503 199 387 197 1676 64 83 652 1 55 61 803 39 1391 162 1 682 
1 47 69 56 3 1 
530 69 366 166 166 69 3 1 
131 48 26 145 1 1 460 522 94 1 1 1 305 416 1 128 2 3 1 
2 572 853 525 38 2 150 3 1 532 39 525 36 1 1 169 77 1917 1624 113 1 
1107 85 242 510 8 1677 509 242 1678 
375 197 251 686 1393 132 17 931 1007 415 83 1 32 312 3 576 1 745 
39 115 1 414 930 324 206 29 36 1 139 122 
1 1400 111 1 11 387 135 55 32 1 245 111 17 1635 6 45 11 88 52 111 1 39 1234 1636 
446 175 805 3 6 1 52 169 83 868 571 283 266 1 1128 1129 1130 1 441 236 3 
12 69 17 577 47 1679 691 502 481 503 12 122 39 36 479 1 28 
97 95 1585 1396 923 305 1 105 166 3 1 533 568 249 
795 63 1606 1 1 1 1898 1607 577 1899 1608 44 162 3 17 1 1 27 49 162 
371 6 649 258 388 312 209 746 1014 3 576 1 745 
17 648 1877 1675 742 1 48 32 1675 1 17 855 1 758 479 169 18 32 36 12 77 17 
309 609 1123 324 1927 53 102 646 32 53 102 646 1 6 1 246 1 115 1 105 
5 6 503 122 374 112 1273 57 8 498 1235 
30 112 1412 2 93 37 1435 27 49 2 269 160 27 36 52 1 
1267 47 48 57 387 405 701 682 27 1 
447 588 875 692 6 39 1983 1 1680 1 246 1 115 1983 647 39 36 139 32 
23 694 219 34 148 300 1144 1 23 694 614 29 36 1 154 122 1 
17 385 1 414 736 246 115 748 32 1644 1 385 787 32 236 7 75 4 298 1 355 1 
245 239 17 504 111 1 2 239 32 132 1 132 111 587 1 376 132 52 376 52 1 
89 1422 294 97 282 52 38 234 29 294 1 
374 374 616 27 93 1423 811 232 1675 2 322 12 77 17 1917 77 52 1006 1 812 27 36 
583 175 1 160 52 83 526 190 754 175 3 1 6 870 160 143 4 1655 175 122 
757 1964 3 1 1665 160 500 209 1 616 183 270 879 1893 27 1027 1 29 36 1 1390 291 
12 343 22 442 128 2 2 95 1 94 82 3 1 533 1 7 226 36 174 1 249 
446 175 805 3 6 1 52 169 83 868 571 283 266 1 1128 1129 1130 1 
72 268 1254 82 12 55 197 1015 56 8 498 860 226 298 
11 8 1 1656 1 292 175 569 82 449 1656 1954 105 1 28 532 32 176 1 
12 343 22 442 1 128 2 2 95 1 361 94 1 82 336 3 1 6 28 52 169 83 276 441 236 
11 145 1399 505 115 1 863 182 1112 135 239 32 692 1 1619 1911 797 1 1912 
131 5 96 128 2 33 219 140 95 1 94 193 3 1 484 209 82 428 362 28 
89 237 401 932 1 1681 48 10 282 1 1 111 948 56 3 154 122 1 
1586 246 115 105 1 1 1 361 32 29 1 247 52 18 644 1 298 39 1234 1 682 
11 105 685 530 1 361 1105 11 105 6 29 166 1 28 52 77 1246 1 283 266 1 1 1923 1402 
573 89 23 88 2 95 1 1 375 94 1 82 336 3 1 6 28 52 169 178 276 441 236 
1 1 24 47 132 874 386 57 1984 1 17 178 63 48 1 17 27 17 606 39 3 1 
1 47 1932 56 3 1 
151 2 19 64 66 238 122 1 128 144 241 3 1 6 10 525 568 1 52 
265 5 145 1262 945 265 3 1 1682 284 443 687 1 18 
33 1387 1 139 1 5 281 212 1 145 478 56 3 1 850 82 335 1 1239 236 926 
12 69 17 577 47 1679 691 502 481 503 12 122 39 36 479 1 28 
2 27 
17 69 747 1 17 27 69 39 12 69 159 17 652 1109 551 1 
5 128 238 122 151 19 117 3 484 209 1 
42 65 3 92 4 164 22 9 1 
741 1 1243 1625 208 1 1 105 31 131 166 1 6 284 368 
17 77 582 48 1 882 1 56 3 1 282 12 3 10 17 276 284 
56 3 1 861 131 69 73 
131 48 1 64 145 1 460 522 94 3 1 484 209 428 362 28 
520 154 56 1588 607 848 1236 387 5 145 1 460 94 3 1 
24 47 132 874 386 57 1984 1 17 178 63 48 1 17 27 17 606 39 3 1 
116 64 221 12 81 322 79 380 338 1436 150 95 7 488 220 1894 174 
24 47 294 57 1 574 63 299 83 1 1426 294 3 523 1 169 55 17 3 1 39 6 
520 154 56 1588 607 848 1236 387 5 145 1 460 94 3 1 
577 56 39 462 1285 102 293 
643 1 202 648 17 3 747 32 3 1 239 648 3 162 1 36 32 36 
48 1 1137 371 251 312 265 294 57 17 589 4 17 27 248 3 27 90 1985 532 
47 1 481 41 759 199 10 114 504 1 75 2 56 109 77 644 1024 11 690 1 39 702 176 1265 
265 5 145 1262 945 265 3 1 1682 284 443 687 1 18 
17 48 294 444 17 357 166 27 8 1 17 751 703 401 7 4 75 4 298 1 445 28 
589 167 866 71 143 526 281 441 443 1667 
757 1964 3 6 70 51 1683 2 120 22 1 535 252 429 
1684 69 1685 1 73 298 1021 498 1684 
131 5 96 128 2 33 219 140 95 1 94 193 3 1 484 209 82 610 1924 28 
24 47 294 574 63 299 83 1 27 28 1260 361 169 55 3 1 6 39 443 101 
5 128 238 122 151 19 117 3 484 209 1 
115 68 955 1 2 610 59 5 530 1271 1 1 1 27 1 1 1 1 247 52 787 27 
479 557 1030 1132 125 104 796 1 1986 608 1 169 
5 1 567 193 522 94 12 305 416 128 82 3 1 6 
375 47 127 483 584 5 6 869 481 1031 18 549 417 306 1437 581 327 70 12 55 59 85 537 590 
660 445 1 4 703 291 270 445 57 6 808 1 571 1 52 169 1 18 812 
155 202 1657 1 3 1 11 1239 299 282 1 747 3 1 75 429 615 610 1889 247 1 1 83 
131 5 96 128 2 33 219 140 95 1 94 193 3 1 484 209 82 283 
27 1 35 247 52 1909 1 291 
536 956 1 938 6 1 155 938 1 938 29 938 102 293 1 938 1 1 23 694 
166 528 4 248 1616 1006 925 947 1 94 193 27 1616 1 
154 1104 197 47 1618 48 28 1 1255 32 159 129 1 6 936 524 52 
95 7 469 4 363 4 32 39 293 6 1032 1436 1282 80 10 1686 233 28 52 32 
30 1 154 1104 197 47 1618 48 28 1 1255 32 159 129 1 6 936 
446 46 1100 10 175 1241 27 39 307 49 52 169 77 1596 1 39 36 139 
24 47 132 874 386 57 946 101 1 17 178 63 48 1 17 27 17 606 39 3 1 
573 97 95 85 567 1879 1 94 219 3 1 6 94 335 1 
1 52 1 1916 1018 4 865 31 578 11 387 45 11 610 32 111 940 1 132 376 940 376 1259 1 1623 1 940 
1026 846 376 237 386 952 1661 48 156 250 27 111 952 1 1416 32 1425 36 575 1662 1 1 
154 122 1113 848 442 51 443 1438 56 3 1 85 1687 1664 1 
36 481 111 39 36 1876 35 111 220 652 481 111 247 1890 1 55 283 266 1 1590 1 1 
1388 24 257 1094 137 742 48 275 143 1594 502 299 32 502 1 6 659 1595 1 1 77 
95 132 874 12 115 17 536 34 325 29 132 1 6 791 612 613 482 1649 1 
1 1 11 145 1399 505 115 1 863 182 1112 135 239 32 692 1 1619 1911 797 1 1912 
5 567 150 281 212 1 105 1 145 292 175 569 82 3 549 306 247 52 
17 413 237 654 414 237 245 55 17 29 1914 1 1 169 55 36 174 1 
89 237 401 932 1 1681 48 10 282 1 1 111 948 56 3 154 122 1 386 739 27 386 
30 11 554 70 1981 432 1 1409 143 160 32 160 1 6 52 1642 612 613 482 792 858 1124 
1 1 
72 268 1254 1 82 245 210 1439 1987 548 54 208 268 3 1 260 850 245 210 176 1 
1684 69 1685 1 73 298 1021 498 1684 
90 28 148 356 68 1136 1279 684 6 143 32 160 1 6 52 77 
17 245 55 1017 132 111 1 11 387 135 55 32 132 1 790 45 11 353 864 71 143 568 1 1256 1257 111 1 
151 2 19 64 66 238 122 1 128 144 241 3 1 6 10 525 568 1 52 
797 47 143 134 691 143 152 2 322 27 1 1 32 245 1 1 1942 
82 1 182 1112 3 1 6 95 
24 11 617 414 47 111 39 1 12 27 237 71 143 1413 46 207 111 1099 299 569 236 298 
1640 5 3 6 43 7 65 248 4 322 3 1 52 83 1 36 27 3 1 1988 236 
442 128 85 39 197 294 1244 1 574 63 299 83 648 27 606 39 3 1 6 
131 5 96 128 120 248 219 140 95 1 94 193 3 1 82 335 1386 428 28 
1 375 1989 11 145 449 1 647 365 268 17 385 1 1 414 219 32 402 1 1011 
573 2 82 1 1627 482 584 1 75 1990 365 193 3 1 82 860 226 429 1140 
805 1666 49 309 8 1141 1141 747 206 1119 310 1002 1142 129 585 801 6 1141 532 1 
17 77 684 117 1242 690 1 257 194 5 73 160 6 29 160 29 1 169 77 
115 1886 1414 401 260 1 39 1414 323 1 274 246 149 1937 
17 77 237 498 406 1 149 1 1 
84 205 97 558 1 9 883 27 49 12 77 787 1663 1 1 
788 1033 64 137 54 498 
415 83 1 32 312 1283 251 686 1393 132 931 17 3 576 1 745 
131 12 343 416 128 2 1 94 419 44 366 166 82 3 6 1 
72 1901 12 305 1107 166 1 1108 208 1 105 145 3 1 284 524 463 575 1609 249 
45 2 1 3 1 82 1 94 2 1 403 11 48 153 355 113 
1 230 1945 140 1 1591 308 82 3 1 570 335 501 1 1 1 
24 47 294 1244 1 574 63 299 83 258 388 209 746 606 39 3 1 443 101 
377 154 122 1113 3 1010 1 1 1 6 
17 237 39 257 376 789 1 1 1 1 1 245 111 17 1 2 275 1 239 
17 77 618 237 950 17 39 8 12 69 100 6 
1608 795 7 372 3 17 6 1 1 1 27 49 162 10 
150 281 212 1 145 3 1 138 209 389 247 249 1 7 226 298 462 
95 520 1253 154 656 64 104 115 1 94 166 336 3 1 
17 294 265 57 258 388 209 746 1 1137 1 1429 1663 83 1 32 3 576 1 745 1 
79 47 197 415 83 415 32 207 312 1283 251 265 57 1 17 3 576 17 1 6 1975 7 226 
1 
237 481 504 47 376 742 48 135 55 
557 1030 1132 125 104 796 1 1986 608 1 169 
354 160 46 238 6 1 1 1 276 441 236 52 83 28 284 
442 3 85 39 174 294 48 1 83 648 27 17 606 39 3 6 1 876 1437 
12 343 22 442 128 2 2 95 1 94 1 82 336 3 1 6 28 52 169 178 276 441 236 
115 68 955 1 2 610 59 5 530 1271 1 1 1 27 1 1 1 1 247 52 787 27 
56 3 154 122 849 1010 1 1 1 549 306 95 193 1 105 1 94 
10 212 12 55 4 237 1647 220 
2 97 281 287 1 1 413 947 267 208 520 1 1 82 441 236 3 1004 
5 1952 212 1 145 61 3 82 1 1 166 145 5 281 212 520 48 154 
56 3 154 122 849 1010 1 1 1 549 306 95 193 1 105 1 94 
115 1 105 94 94 552 1 
89 237 401 932 1 1681 48 10 282 1 1 111 948 56 3 154 122 1 
1652 507 609 115 1 1131 880 94 2 19 47 1965 10 32 149 181 1 1111 36 1 1 1 1008 
12 55 653 796 197 5 6 855 3 1 355 653 568 1 1928 28 1 1 55 653 197 48 
5 128 238 122 151 19 117 3 48 284 1 
1383 1440 54 379 1670 957 240 6 89 451 10 1145 
795 63 1606 99 328 372 1607 577 3 1 
1 859 47 1441 1991 17 1384 47 11 48 32 11 481 181 1 789 1 
312 264 237 22 1883 17 587 55 8 237 270 845 36 212 39 36 
500 1 230 521 1 140 1 688 689 4 9 308 3 1 570 335 1 501 1 1 1 
442 3 85 39 174 294 48 1 83 648 27 17 606 39 3 1 6 
23 750 2 114 1922 1 275 143 4 1671 877 481 39 1 39 36 479 
2 572 853 134 1 51 128 2 117 59 525 38 11 150 3 1 
446 175 805 3 6 1 52 169 83 868 571 283 266 1 1128 1129 1130 1 441 236 3 
131 48 1 64 145 1 94 193 3 1 284 82 1 428 362 28 249 
1922 869 446 943 160 6 1401 3 1 441 236 1 52 83 870 1 52 83 36 27 3 1 52 83 
643 33 4 18 5 232 9 1100 175 356 20 691 322 250 1596 571 52 169 77 39 36 139 
357 1688 1900 1 181 256 129 703 1286 18 114 661 18 75 739 18 29 114 75 
56 3 884 1613 1600 530 7 48 1244 17 282 197 139 33 619 1 1 1 7 4 75 4 
131 1 1138 876 1139 208 1 366 166 3 1 6 1274 463 524 4 615 1275 1122 1140 1 506 1276 
24 47 294 57 1 574 63 299 83 258 388 209 746 17 27 1 202 39 3 1 17 443 
48 1 202 2 1001 371 251 386 48 265 17 3 48 371 71 17 1 
72 268 1254 82 12 55 197 1015 56 8 498 860 226 298 
499 132 1 294 265 57 3 1 3 247 249 857 3 1014 1248 48 1 389 1 364 858 1605 
131 56 3 1 1956 741 1 1992 208 1 1 105 366 166 463 7 226 266 1 249 1 
415 83 32 1 1895 17 931 312 531 851 132 686 57 3 576 1 745 
17 245 55 1017 132 111 1 11 387 135 55 32 132 1 790 45 11 353 864 71 143 568 1 1256 1257 111 1 
24 11 617 414 47 111 39 1 12 27 237 71 143 1413 46 207 111 1099 299 569 236 298 
112 51 1100 704 32 805 6 112 93 446 31 6 39 247 1 1 1 812 29 36 
377 451 1 312 941 33 11 554 18 1 117 579 1126 498 4 862 
65 3 1397 1 3 329 69 1 
643 867 187 1001 1 361 1689 82 17 39 90 12 77 532 27 36 
2 115 1 402 365 268 135 55 129 6 32 159 219 1 1957 1958 1959 797 1960 
140 11 386 1926 1 1 1 1 197 846 952 111 11 57 1092 607 122 69 682 
27 548 1 166 1400 237 693 282 298 28 220 111 
1993 1994 27 159 16 48 57 29 
1995 6 15 1996 47 79 7 48 125 1 39 34 1690 
377 451 1 312 941 33 554 18 579 1126 498 4 862 580 366 
1 646 432 88 39 90 1 1 35 174 738 2 36 29 36 342 1 
131 377 451 1 941 33 554 18 1 117 579 1126 498 862 580 366 
567 520 299 154 281 1 94 737 82 3 1 82 335 428 1 192 28 
582 52 1596 571 283 266 1 
854 460 150 1 361 1884 854 268 95 323 1 336 274 206 6 29 854 1 682 1885 257 
56 3 1 861 131 69 73 
92 29 17 69 93 29 12 69 35 1997 
76 198 1 1138 876 1139 208 1 366 166 3 1 6 1274 463 524 615 1275 1122 1140 1 506 1276 
151 2 19 64 66 238 122 1 128 144 241 3 1 6 10 525 283 575 610 1928 
499 1 48 944 1403 3 1 6 1404 466 11 353 206 1405 250 1406 402 1407 1408 1004 1005 847 306 
2 1 572 853 134 1 51 128 2 117 59 525 38 11 150 3 1 
377 451 1 312 941 1955 33 554 18 579 1126 498 4 862 580 366 
238 122 64 66 1 128 2 151 1998 3 1 6 10 525 615 610 1889 52 
24 47 294 1244 1 63 22 63 299 83 648 27 606 39 3 6 1 876 327 
11 685 6 1 155 274 467 277 114 75 1999 27 114 75 1 23 694 
11 1235 64 1613 282 1 1 526 1 376 12 202 71 143 582 77 
43 7 94 10 8 278 154 7 75 7 75 1098 1 52 83 571 1287 1 1268 56 3 49 421 
24 47 132 874 386 57 946 101 1 17 178 63 48 1 17 27 17 606 39 3 1 
1 1 401 237 401 1034 
801 937 2 403 219 1 1 293 114 365 268 39 403 503 27 36 
246 115 17 931 1237 39 49 
43 7 114 114 74 28 943 160 122 753 1641 3 1 52 83 1 36 27 3 1 
131 11 145 741 430 1 82 32 256 1 1 1 1 1 1 
577 143 48 238 12 77 17 78 17 3 1 1021 582 52 1252 812 29 8 36 1 
1 212 48 480 220 
24 691 1 1146 447 1 6 247 52 83 
251 132 48 748 1110 444 1 193 39 115 1 6 571 1 1 1610 
174 122 1426 27 372 61 1009 939 429 1116 1622 503 36 751 282 162 1 939 1 1915 1258 
48 481 526 63 413 1102 48 
167 95 705 1 1 392 155 
499 1 48 944 1403 3 1 6 1404 466 11 353 206 1405 250 1406 402 1407 1408 1004 1005 847 306 
24 2000 1946 4 404 31 257 214 1 1428 32 346 1 1653 32 36 1 139 32 1 1 847 
504 47 122 175 691 294 160 387 35 190 175 11 57 1 355 27 1100 1 812 29 36 1 
643 30 314 755 25 47 1651 1652 269 75 446 270 529 160 93 808 160 1 1 
269 539 96 160 48 6 790 159 160 29 1 283 266 1 1268 1 52 77 1012 
131 12 343 416 128 2 2 95 1 533 936 1910 1615 1 
573 11 145 1 647 268 1882 193 17 385 1 1 642 219 32 402 1 
1261 48 1 1442 251 686 132 683 17 415 83 27 312 1283 27 90 1985 614 867 
131 3 1 284 741 1 1625 208 1 1 105 366 166 463 7 226 283 266 1 1918 1919 1 1626 1 
11 246 115 1 642 182 1112 32 182 1 7 4 75 4 32 1 182 856 1 1395 239 
2 572 853 134 1 51 128 2 117 59 525 38 11 150 3 1 249 
797 47 143 134 691 143 152 2 322 27 1 1 32 245 1 1 1942 
76 198 846 1026 376 237 386 952 1661 48 27 111 952 1 6 532 32 1425 36 575 1662 1 1 
643 32 3 1 82 737 1 192 164 22 54 57 6 1442 1006 362 1 36 
927 609 115 1284 851 1007 867 27 1 114 
56 3 154 122 849 1 1 1 549 306 95 193 1 105 1 94 
33 1387 1 139 1 5 281 212 1 737 478 56 3 1 850 82 335 1 1239 236 298 
5 48 480 3 1 376 363 1027 237 250 1586 523 28 1 
442 128 85 39 197 294 57 1 574 63 299 83 258 388 209 746 606 39 3 1 
1 375 737 73 656 64 104 48 154 212 1 737 3 1 
500 1 230 521 140 1 688 689 4 9 308 3 1 570 335 1 501 1 1 1 
154 122 1113 848 442 51 443 1438 56 3 1 85 1687 1664 1 
30 112 2 26 585 70 26 79 26 248 2 65 1008 27 36 36 52 27 
131 48 1 26 145 1 1 460 522 94 1 1 1 12 343 416 128 3 1 1 1 1905 
115 567 698 7 95 748 1136 94 161 123 657 11 48 551 115 1 71 143 
17 250 1 17 1125 250 1272 245 11 250 390 39 364 589 697 1 1147 1272 
48 1 1137 371 251 265 294 57 17 123 11 1 751 17 83 27 27 90 3 
125 1025 1 246 1 115 1272 250 697 1 250 1272 787 845 282 35 1125 71 143 250 1 652 390 1422 
265 5 145 1262 945 265 3 1 1682 284 443 687 1 18 
414 231 387 111 5 232 523 12 55 47 111 810 1 618 646 1 1435 1 1035 41 802 682 46 
71 143 179 105 12 248 71 143 72 577 248 25 1655 207 105 78 404 
131 48 1 64 145 1 94 193 3 1 484 209 82 1 428 362 28 249 
89 1 662 274 12 55 10 403 2 219 1 1 105 181 47 54 32 1 
1597 941 406 1 614 29 36 1 154 122 1 
131 3 284 741 1 1625 208 1 1 105 366 166 463 7 226 283 266 1 1918 1919 249 1 
131 12 343 416 128 2 1 94 419 44 366 166 82 3 6 1 
1691 3 344 3 1691 375 483 3 1 260 22 1265 249 120 1014 1 7 75 
500 1 230 521 1 1 140 1 1591 460 308 82 3 1 570 335 1 501 1 1 1 
177 526 112 294 174 
2 567 2 857 150 281 1 212 1 105 1 208 925 1006 292 175 569 1 82 52 83 1 
47 48 1 373 8 32 132 1 166 33 28 1 1 524 1098 1389 1 1099 1880 1255 
500 1 230 521 140 1 688 689 4 9 308 3 1 570 335 1 501 1 1 1 
95 520 1253 154 656 64 104 115 1 94 166 336 3 1 
17 69 89 54 536 1235 122 1 52 1 536 32 1 503 32 36 1 
354 160 46 238 6 1 1 1 276 441 236 52 83 28 284 
1 646 432 88 39 90 1 1 35 174 738 2 36 29 36 342 1 
1 1400 111 1 11 387 135 55 32 1 245 111 17 1635 6 45 11 88 52 111 1 39 1234 1636 
33 1253 1 139 1 5 281 212 1 145 1 478 3 1 212 1 145 
24 251 294 1244 1 574 63 299 83 258 388 209 746 39 3 1 443 101 
5 193 251 132 57 1250 748 1110 444 1 94 32 159 166 1 1902 1903 52 1610 
17 1400 237 27 1284 1 17 376 111 55 6 1 1443 615 1235 
1444 1 75 12 1692 1444 1 17 878 140 479 1 1 1 75 7 75 39 851 1 703 197 
1384 1941 1 1 180 1921 1 1142 511 1 548 78 1941 1 1384 1 83 
12 343 22 442 1 128 2 2 95 1 361 94 1 82 336 3 1 6 28 52 169 83 276 441 236 
25 34 1 34 325 1631 1632 1411 2 1633 872 27 1632 1634 1 52 35 1127 1633 71 143 1631 2 
30 190 5 73 27 27 6 79 70 160 29 36 36 12 122 
79 47 3 1660 1 82 193 1 105 1 365 292 175 569 6 
30 12 10 29 17 57 1 706 18 10 78 855 1279 591 
577 281 1125 122 651 6 3 150 489 17 48 1 
72 268 1254 155 1445 54 54 607 788 1015 1 220 1 1 1 
131 5 96 128 2 33 219 140 95 1 94 193 3 1 484 209 82 1 428 362 28 
1 1 4 662 27 1 1 1 10 651 155 582 
1 9 432 30 88 39 90 1 1 35 174 738 2 36 29 36 342 1 
1 145 33 1387 1 139 1446 5 281 212 1 145 478 56 3 1 850 82 335 1 1239 236 926 
647 743 573 11 145 1 647 365 268 1 365 193 1 1 642 219 402 1 1011 929 1599 
95 193 1 105 1 94 82 445 94 3 154 122 849 1 549 306 247 52 
72 1955 2 97 432 1409 12 305 416 128 2 32 160 1 52 1642 612 613 482 792 858 1124 
11 105 685 530 1 361 1105 11 105 6 29 8 1 28 52 1246 1 791 612 613 482 792 
500 1 230 521 140 1 688 689 4 9 308 3 1 570 335 501 1 1 1 
53 45 805 3 1 52 83 36 27 3 1 1988 236 
95 7 469 4 363 4 32 39 293 6 1032 1436 1282 80 10 1686 233 28 52 32 
1 646 432 88 39 90 1 1 35 174 738 2 36 29 36 342 1 
1638 17 27 188 1 6 7 75 298 1 28 31 162 3 1 
415 83 415 32 1 1 388 1415 251 312 931 48 3 576 119 251 197 1 745 
17 294 265 57 258 388 209 746 1 1137 1 1429 1663 83 1 32 3 576 1 745 1 
1 1 1 143 505 652 1109 298 1 82 82 1 1 
52 1 1916 1018 4 865 31 578 11 387 45 11 610 32 111 940 1 132 376 940 376 1259 1 1623 1 940 
115 1 182 1112 135 55 129 6 1 206 27 692 1 1619 797 1 
12 343 416 1261 2 95 12 55 413 94 449 1 105 1 94 3 1 
24 47 132 874 386 57 1984 1 17 178 63 48 1 17 27 17 606 39 3 1 
1391 587 788 250 47 1 618 1 17 
12 77 48 480 401 64 416 1288 1289 299 479 
1 47 69 56 3 1 
1392 28 48 649 5 1001 371 251 386 265 48 17 3 48 371 17 1 
1 1639 846 111 39 1 1611 1 376 1 8 1 237 71 143 1413 46 207 111 1099 299 569 236 298 
500 1 230 521 1 
97 95 1 1138 876 1139 208 1 366 166 3 1 6 1274 463 524 4 615 1275 1122 1140 1 506 1276 
17 245 55 1017 132 111 1 11 48 135 55 32 132 1 790 45 11 353 864 71 143 568 1 1256 1 1257 111 
1447 232 863 17 281 863 552 1 1 28 12 585 36 71 143 
499 1 48 944 1403 3 1 6 1404 466 11 353 206 1405 250 1406 1925 402 1407 1408 1004 1005 847 52 
174 536 1267 47 132 1 1 536 33 536 17 1 275 34 325 32 132 1 6 
385 1 414 736 246 115 748 32 1644 1 385 787 32 236 7 75 4 298 1 355 1 
867 2 222 1001 1 361 1689 82 1 17 39 82 12 77 1 36 32 36 
1431 387 1967 166 933 270 69 405 17 1419 111 32 527 1431 1 1259 52 169 933 270 
3 1891 28 1 1881 169 178 3 650 209 744 855 1 1 1 1 1 742 855 71 143 
97 95 1 1138 876 1139 208 1 366 166 3 1 6 1274 463 524 4 615 1275 1122 1140 1 506 1276 
48 649 371 17 312 251 386 265 48 648 248 3 3 48 1660 1 1975 
1 646 432 88 39 90 1 1 35 174 738 2 36 29 36 342 1 
500 1 230 521 140 1 688 689 4 9 308 3 1 570 335 1 501 1 1 1 
5 1952 212 1 145 61 3 82 1 1 166 145 5 281 212 520 48 154 
19 96 128 744 238 122 117 3 48 284 1 
131 56 3 1 284 1 105 1 208 366 166 7 226 463 283 266 1 1 
43 7 94 10 8 278 154 7 75 7 75 1098 1 52 83 571 1287 1 1268 56 3 49 421 
131 48 1 64 145 1 94 193 3 1 484 209 82 1 428 362 28 249 
131 95 1 55 17 1587 1 1 94 32 159 82 1 7 75 429 568 
131 56 3 1 284 1 105 1976 1 1432 208 366 166 7 226 463 283 266 1 249 1 
375 1989 11 145 449 1 647 365 268 17 385 1 1 414 219 32 402 1 1011 929 
1026 846 376 237 386 952 1661 48 156 250 27 111 952 1 1416 32 1425 36 575 1662 1 1 
2 937 1 1935 1 642 736 245 239 4 17 274 607 239 479 503 32 36 1 1 856 1 
3 1 29 190 52 83 36 27 3 1 1988 236 
265 5 145 1262 945 265 3 1 1682 284 443 687 1 18 
1 375 737 73 656 64 104 48 154 212 1 737 3 1 
377 69 12 305 128 416 377 69 73 154 82 501 1 1 1 3 1 6 
238 315 28 129 137 27 164 930 1693 120 55 63 754 38 
530 1148 938 1 12 536 29 154 113 1 
17 385 642 736 1 246 115 251 132 1 1 105 135 239 32 79 1 1 
1 47 69 3 1 1 1 
1691 3 344 3 1691 375 483 3 1 260 22 
95 193 1 145 222 99 1 105 82 11 145 3 17 1 1 1 86 2 38 
251 47 813 1149 267 8 
182 505 1 169 153 3 1 1 551 143 
1392 28 48 649 5 1001 371 251 386 265 48 17 3 48 371 71 17 1 
32 3 1 82 737 1 192 164 22 54 57 6 1442 1006 362 1 36 309 
1290 406 149 75 237 
1447 232 863 17 281 863 552 1 1 28 12 585 36 71 143 
131 120 248 4 219 140 95 1 105 1992 208 3 6 1 82 7 75 249 
131 5 96 128 120 248 219 140 2 95 1 94 193 3 1 82 335 1386 428 362 52 506 
52 169 83 3 1891 1 276 209 52 169 83 177 682 7 4 75 4 27 36 532 
48 206 1026 214 250 1 1 11 48 100 6 27 1 250 21 29 2 17 
174 122 1426 27 372 61 1009 939 429 1116 1622 503 36 751 282 162 1 939 1 1915 1258 
500 1 230 521 1 140 1 688 689 4 9 308 3 1 570 335 1 501 1 1 1 
5 145 1262 945 265 3 1 284 443 687 644 7 226 575 1124 249 1 802 1 
500 1 230 521 140 1 688 689 4 9 308 3 1 570 335 1 501 1 1 1 
24 691 1 1146 447 1 6 247 52 83 568 1 
66 1 17 83 707 1624 1694 1291 90 25 582 1 41 1695 279 1289 18 453 1 1 24 1 
1261 48 1 1442 251 686 132 683 17 415 83 27 312 1283 27 90 1985 614 867 
752 1125 1 1 361 17 3 372 355 79 197 61 39 1 12 27 428 181 223 1908 
12 343 22 442 1 128 2 2 95 1 361 94 1 82 336 3 1 28 52 169 178 276 441 236 
